377,332
377,331
377,330
377,329
4540,130
4532,105
377,328
377,327
377,326
4532,104
4532,103
4532,102
4532,101
4532,100
4532,99
4532,98
4540,129
4540,128
377,325
377,324
4537,206
4540,111
4543,18
4543,5
4532,97
4532,96
4532,95
4532,94
4532,93
4532,92
4532,91
4539,67
4539,66
4539,65
4539,64
4539,36
4539,35
4539,34
4539,33
4539,32
4539,31
4539,30
4539,29
4539,28
4539,27
4539,26
4539,25
4539,24
4539,23
4539,22
4539,21
4539,20
4539,19
4539,18
4539,17
4539,16
4539,15
4539,14
4539,13
4539,12
4539,11
4539,10
4539,9
4539,8
4539,7
4539,6
4539,5
4540,125
4537,205
4537,204
4537,203
4537,202
4537,201
4537,200
4537,199
4537,198
4537,197
4537,196
4537,195
4537,194
4537,193
4537,191
4537,190
4537,189
4537,188
4537,187
4537,186
4537,185
4537,184
4537,183
4537,182
4537,181
4537,180
4537,179
4537,178
4537,177
4537,176
4537,175
4537,174
4537,173
4537,192
4537,172
4537,171
4537,170
4537,169
4537,168
4537,167
4537,166
4537,165
4537,164
4537,163
12,81
12,80
12,79
12,78
12,77
12,76
12,75
12,72
12,4
12,3
12,2
12,1
12,0
9,4
9,3
9,1
9,0
8,3
8,1
8,0
6,5
6,4
6,3
6,1
6,0
4,3
4,1
4,0
2,144
2,120
2,83
2,29
2,15
2,14
2,13
2,11
2,10
2,9
2,8
2,7
2,6
2,5
2,4
1,5
0,575
0,574
0,571
0,568
0,565
0,562
0,560
0,549
0,546
0,545
0,544
0,539
0,534
0,529
0,526
0,525
0,520
0,516
0,446
0,441
0,439
0,432
0,428
0,408
0,381
0,370
0,368
0,366
0,353
0,345
0,326
0,322
0,315
0,314
0,311
0,309
64,1
377,75
64,101
64,3
0,445
0,440
64,0
1,1
1,4
1,3
1,0
377,74
377,1
377,322
377,124
377,3
0,513
0,355
0,354
377,0
2,1
2,136
2,3
2,0
0,9
0,310
0,305
0,359
0,358
0,356
0,336
0,325
0,443
0,531
0,308
0,304
0,303
0,302
0,307
0,444
0,12
0,438
0,10
0,530
0,8
0,0
0,300
0,569
0,299
0,433
0,298
0,320
0,297
0,296
0,384
0,295
0,393
0,294
0,350
0,293
0,420
0,292
0,512
0,291
0,398
0,290
0,405
0,289
0,536
0,288
0,394
0,287
0,437
0,286
0,414
0,285
0,552
0,284
0,283
0,317
0,282
0,281
0,413
0,280
0,515
0,279
0,388
0,278
0,382
0,277
0,436
0,276
0,563
12,82
12,83
12,85
12,86
12,88
12,89
12,91
12,93
12,94
12,96
12,97
12,99
12,101
12,102
12,104
12,105
12,107
12,108
12,111
12,113
12,114
12,116
12,117
12,119
12,121
12,122
12,124
12,125
12,127
12,320
12,322
12,324
12,325
12,327
12,328
12,333
12,335
12,336
12,338
12,339
12,341
12,350
12,352
12,354
12,355
12,357
12,358
12,360
12,362
12,363
12,365
12,366
12,368
12,370
12,371
12,373
12,374
12,376
12,377
12,382
12,704
12,705
12,707
12,708
12,710
12,712
12,713
12,715
12,716
12,718
12,719
12,721
12,723
12,724
12,726
12,727
12,729
12,731
12,732
12,734
12,735
12,737
12,738
12,740
12,742
12,743
12,745
12,746
12,748
12,750
12,751
12,753
12,754
12,756
12,758
12,759
12,761
12,762
12,764
12,765
12,767
12,769
12,770
12,772
12,773
12,775
12,777
12,778
12,780
12,781
12,783
12,784
12,786
12,788
12,789
12,791
12,792
12,794
12,796
12,797
12,799
12,800
12,802
12,803
12,805
12,807
12,808
12,810
12,811
12,813
12,815
12,816
12,818
12,819
12,821
12,822
12,824
12,826
12,827
12,829
12,830
12,833
12,835
12,837
12,839
12,840
12,850
12,852
12,853
12,855
12,856
12,858
12,859
12,863
12,865
12,866
12,868
12,869
12,871
12,873
12,874
12,876
12,877
12,879
12,880
12,882
12,884
12,885
12,887
12,888
12,890
12,892
12,893
12,895
12,1216
12,1218
12,1219
12,1221
12,1223
12,1224
12,1226
12,1227
12,1229
12,1231
12,1232
12,1234
12,1235
12,1237
12,1239
12,1240
12,1242
12,1243
12,1245
12,1246
12,1248
12,1250
12,1251
12,1253
12,1254
12,1256
12,1258
12,1259
12,1261
12,1262
12,1264
12,1265
12,1267
12,1269
12,1270
12,1272
12,1273
12,1281
12,1283
12,1284
12,1286
12,1287
12,1289
12,1290
12,1292
12,1294
12,1295
12,1297
12,1298
12,1300
12,1302
12,1303
12,1305
12,1306
12,1308
12,1309
12,1311
12,1313
12,1314
12,1316
12,1317
12,1319
12,1321
12,1322
12,1324
12,1325
12,1327
12,1329
12,1330
12,1332
12,1333
12,1335
12,1336
12,1338
12,1340
12,1341
12,1343
12,1344
12,1346
12,1348
12,1349
12,1351
12,1352
12,1354
12,1355
12,1357
12,1359
12,1360
12,1362
12,1363
12,1365
12,1367
12,1368
12,1370
12,1371
12,1373
12,1374
12,1376
12,1378
12,1379
12,1381
12,1382
12,1384
12,1386
12,1387
12,1389
12,1390
12,1392
12,1394
12,1395
12,1397
12,1398
12,1400
12,1401
12,1403
12,1405
12,1406
12,1472
12,1473
12,1475
12,1477
12,1478
12,1480
12,1481
12,1483
12,1484
12,1486
12,1488
12,1489
12,1491
12,1492
12,1494
12,1496
12,1497
12,1499
12,1500
12,1502
12,1503
12,1505
12,1507
12,1508
12,1510
12,1511
12,1513
12,1515
12,1516
12,1518
12,1519
12,1521
12,1523
12,1524
12,1526
12,1527
12,1529
12,1530
12,1532
12,1534
12,1535
12,1537
12,1538
12,1540
12,1542
12,1543
12,1545
12,1546
12,1548
12,1549
12,1551
12,1553
12,1554
12,1556
12,1557
12,1559
12,1561
12,1562
12,1564
12,1565
12,1567
12,1568
12,1570
12,1572
12,1573
12,1575
12,1576
12,1578
12,1580
12,1581
12,1583
12,1584
12,1586
12,1587
12,1589
12,1591
12,1592
12,1594
12,1595
12,1597
12,1599
12,1600
12,1602
12,1603
12,1605
12,1607
12,1608
12,1610
12,1611
12,1613
12,1614
12,1616
12,1618
12,1619
12,1621
12,1622
12,1624
12,1626
12,1627
12,1629
12,1630
12,1632
12,1633
12,1635
12,1637
12,1638
12,1640
12,1641
12,1643
12,1645
12,1646
12,1648
12,1649
12,1651
12,1652
12,1654
12,1656
12,1657
12,1659
12,1660
12,1662
12,1664
12,1665
12,1667
12,1668
12,1670
12,1672
12,1673
12,1675
12,1676
12,1678
12,1679
12,1681
12,1683
12,1684
12,1686
12,1687
12,1689
12,1691
12,1692
12,1694
12,1695
12,1697
12,1698
12,1700
12,1702
12,1703
12,1705
12,1706
12,1708
12,1710
12,1711
12,1713
12,1714
12,1716
12,1717
12,1719
12,1721
12,1722
12,1724
12,1725
12,1727
12,1793
12,1794
12,1796
12,1797
12,1799
12,1800
12,1802
12,1804
12,1805
12,1807
12,1808
12,1810
12,1812
12,1813
12,1815
12,1816
12,1818
12,1820
12,1821
12,1823
12,1824
12,1826
12,1827
12,1829
12,1831
12,1832
12,1834
12,1835
12,1837
12,1839
12,1840
12,1842
12,1843
12,1845
12,1846
12,1848
12,1850
12,1851
12,1853
12,1854
16,0
16,3
17,0
17,3
17,4
18,1
18,3
19,1
19,6
19,7
21,1
21,3
22,0
22,3
22,23
23,0
23,1
23,5
23,10
23,12
24,1
24,2
24,4
24,5
24,7
25,0
25,1
25,4
25,9
25,12
25,17
25,19
25,27
25,30
27,0
27,1
27,3
27,5
30,0
30,3
30,4
30,6
30,8
30,9
30,11
30,12
30,15
30,16
30,18
30,20
30,21
30,25
30,26
30,28
30,30
30,31
30,33
30,34
30,36
30,37
31,0
31,3
31,4
33,0
33,1
33,5
34,0
34,1
34,4
39,0
39,3
39,5
39,6
39,8
39,9
39,11
39,12
39,14
40,1
40,3
40,6
40,7
40,9
40,11
40,12
40,14
40,15
40,17
40,18
40,20
42,1
42,3
43,1
43,3
49,1
50,0
50,1
51,0
51,1
51,4
51,5
52,1
53,0
53,1
53,4
55,0
55,3
57,0
57,1
57,4
64,2
64,5
64,71
64,72
64,74
64,75
64,77
64,78
64,80
64,82
64,83
64,85
64,86
64,88
64,90
64,91
64,93
64,94
64,96
64,97
64,99
75,1
75,3
78,1
78,2
78,4
78,65
78,66
78,68
78,69
78,75
78,76
78,78
78,82
78,83
78,85
78,86
78,88
78,90
78,91
78,93
78,94
78,96
78,98
78,99
78,101
78,102
78,104
78,105
78,107
78,109
78,110
78,112
78,113
78,115
78,117
78,118
78,120
78,121
78,123
78,124
80,1
87,0
87,1
198,0
198,1
251,0
251,2
251,3
377,4
377,116
377,314
377,315
377,317
377,319
377,337
377,339
377,340
377,342
377,344
1012,0
1012,3
1012,6
1013,0
1013,1
1017,0
1017,3
1017,6
1143,1
1143,3
1144,0
1144,3
1144,4
1147,0
1147,1
1181,0
1181,3
1182,0
1182,3
1182,4
1182,13
1182,14
1182,21
1182,23
1182,30
1182,38
1182,39
1182,42
1182,50
1182,51
1182,58
1182,63
1182,67
1182,72
1182,85
1182,132
1182,192
1182,199
1183,0
1183,3
1183,8
1183,9
1183,11
1183,12
1183,16
1183,21
1183,35
1183,56
1183,64
1183,67
1183,76
1183,85
1183,94
1183,112
1183,196
3823,0
3823,3
4543,3
4543,1
4543,20
4543,23
4543,21
4543,22
4543,7
4543,9
4543,10
4543,12
4543,13
4543,15
4543,17
4540,0
4540,121
4540,1
4540,6
4540,7
4540,9
4540,11
4540,12
4540,14
4540,15
4540,17
4540,19
4540,20
4540,22
4540,23
4540,25
4540,26
4540,73
4540,75
4540,122
4540,127
4541,0
4541,1
4535,3
4535,1
4532,3
4532,1
4540,123
4540,124
4540,112
4540,115
4540,116
4540,118
4540,119
4541,4
4543,2
64,100
4537,0
4537,3
4537,1
4537,74
4537,137
4537,108
4537,109
4537,77
4537,78
4537,80
4537,81
4537,127
4537,83
4537,84
4537,92
4537,96
4537,97
4537,103
4537,98
4537,100
4537,101
4537,105
4537,114
4537,115
4537,117
4537,142
4537,119
4537,111
4537,120
4537,122
4537,123
4537,95
4537,112
4537,124
4537,85
4537,86
4537,134
4537,87
4537,128
4537,130
4537,143
4537,90
4537,131
4537,135
4537,138
4537,139
4540,90
4540,91
4540,93
4537,161
4537,153
4537,149
4537,2
4537,144
4537,141
4537,146
4540,34
4540,35
4540,64
4540,65
4540,67
4540,69
4540,70
4540,72
4532,2
4532,28
4532,30
4532,31
4532,33
4532,34
4532,36
4532,64
4532,66
4532,68
4532,69
4532,71
4532,72
4532,74
4532,76
4532,77
4532,79
4532,80
4532,82
4532,83
4532,85
4532,87
4532,88
4532,90
4532,5
4532,7
4532,8
4536,3
4536,1
4539,0
4539,1
4539,2
4544,0
4544,3
4544,4
12,1185
12,1184
12,1088
12,1211
12,1728
12,1738
12,1739
12,1741
12,1742
12,1744
12,1745
12,1731
12,1733
12,1734
12,1736
12,1737
12,1747
12,1749
12,1750
12,1752
12,1753
12,1756
12,1757
12,1759
12,1761
12,1762
12,1152
12,1772
12,1774
12,1776
12,1777
12,1779
12,1764
12,1766
12,1767
12,1769
12,1771
12,1780
12,1782
12,1783
12,1785
12,1787
12,1788
12,1790
12,1791
12,1154
12,1156
12,1157
12,1160
12,1161
12,1163
12,1164
12,1166
12,1169
12,1170
12,1172
12,1173
12,1175
12,905
12,906
12,908
12,909
12,911
12,896
12,898
12,900
12,901
12,903
12,1176
12,1178
12,1180
12,1181
12,1183
12,912
12,914
12,915
12,917
12,919
12,1729
12,921
12,922
12,924
12,926
12,927
12,1187
12,1188
12,1190
12,1192
12,1193
12,1195
12,1196
12,1198
12,1199
12,1201
12,929
12,930
12,932
12,933
12,935
12,1213
12,1214
12,936
12,937
12,939
12,1203
12,1205
12,1207
12,1208
12,1210
12,940
12,1090
12,1092
12,1093
12,1095
12,1096
12,1098
0,243
377,321
23,16
23,8
35,0
35,1
35,4
36,0
36,3
29,0
29,3
29,4
29,6
35,5
4537,6
4537,7
4537,9
4537,11
4537,12
4537,14
4537,15
4537,17
4537,19
4537,20
4537,22
4537,23
4537,25
4537,26
4537,28
4537,30
4537,31
4537,33
4537,34
4537,36
4537,65
4537,66
4537,68
4537,69
4537,71
4537,72
7,0
7,1
86,0
86,1
86,10
25,26
1182,84
1183,110
4532,15
4532,16
4532,18
4532,19
4532,21
4532,23
4532,24
4532,26
1182,56
4532,10
4532,12
4532,13
1182,68
1182,31
73,3
73,1
73,4
73,5
173,3
173,1
173,4
173,10
81,0
81,1
81,5
377,113
22,15
22,35
377,72
377,73
22,12
22,21
22,11
22,13
22,36
22,17
22,8
22,10
22,41
23,15
377,79
377,80
377,82
377,83
377,85
377,87
377,88
377,90
377,91
377,93
377,98
377,99
377,101
377,102
377,110
1182,60
1182,48
1182,55
1182,18
1182,71
1183,92
1182,65
1182,20
1183,33
1182,45
1183,69
4537,152
4537,155
4537,156
25,15
4540,103
4540,104
4540,106
4540,108
4540,109
22,6
22,31
23,9
23,17
23,13
169,3
2,119
2,102
1182,19
1182,88
1182,94
22,18
22,28
22,32
1182,62
1183,38
22,20
1182,32
1182,61
1182,129
1182,64
1182,36
1182,69
1182,7
1182,11
1182,16
1183,29
1182,17
1183,37
1182,27
1183,41
1183,42
1182,33
1183,48
1182,35
1183,52
1182,37
1183,54
1183,65
1183,70
1183,71
1182,47
1183,73
1183,77
1182,53
1183,81
1183,82
1183,86
1183,89
1183,90
1182,73
1183,95
1182,74
1182,75
1183,98
1182,76
1183,100
1183,101
1182,78
1183,103
1183,104
1183,105
1183,106
1183,107
1182,82
1183,115
1182,86
1182,89
1183,193
1183,194
1183,195
1182,92
1182,102
35,6
35,7
29,2
25,25
74,0
74,1
727,0
727,3
2,118
727,4
127,0
127,3
127,1
89,3
89,1
2,16
206,3
206,1
2,78
203,0
203,1
2,124
164,3
2,21
2,65
164,4
164,6
89,6
206,6
203,4
203,6
203,5
206,4
89,4
2,66
164,1
164,0
203,3
2,79
206,0
2,69
89,0
0,447
4537,162
4537,157
727,6
727,1
0,364
74,3
25,7
35,8
35,2
1182,93
1182,91
1182,90
1183,117
1183,109
1183,108
1182,80
1182,79
1183,102
1182,77
1183,99
1183,97
1183,96
1183,93
1183,88
1183,84
1183,80
1183,75
1183,72
1182,46
1183,55
1183,53
1183,51
1183,47
1182,29
1183,40
1183,32
1183,25
1182,8
1182,6
1182,24
1182,5
1182,195
1183,91
1182,70
1182,59
1182,25
22,7
22,33
22,24
1183,113
1183,116
1182,87
1183,192
169,5
169,1
169,0
1182,131
3823,4
23,14
22,9
4540,110
4540,107
4540,105
4540,102
25,11
4537,154
1183,68
1182,194
1183,83
1183,79
1183,30
1183,74
1183,43
377,103
377,100
377,97
377,92
377,89
377,86
377,84
377,81
23,11
22,5
22,14
22,16
22,37
22,27
22,4
22,34
22,22
81,9
81,3
173,6
2,70
173,0
75,4
73,0
1183,44
1182,196
4532,11
4532,9
4532,25
4532,22
4532,20
4532,17
4532,14
1182,81
86,7
86,3
7,3
4537,73
4537,70
4537,67
4537,64
4537,35
4537,32
4537,29
4537,27
4537,24
4537,21
4537,18
4537,16
4537,13
4537,10
4537,8
4537,5
29,5
29,1
36,1
21,4
35,3
377,323
23,4
22,30
4541,2
12,1097
12,1094
12,1091
12,1089
12,1209
12,1206
12,1204
12,938
12,1215
12,1212
12,934
12,931
12,928
12,1200
12,1197
12,1194
12,1191
12,1189
12,1186
12,925
12,923
12,920
12,918
12,916
12,913
12,1182
12,1179
12,1177
12,902
12,899
12,897
12,910
12,907
12,904
12,1174
12,1171
12,1168
12,1165
12,1162
12,1159
12,1155
12,1153
12,1789
12,1786
12,1784
12,1781
12,1770
12,1768
12,1765
12,1778
12,1775
12,1773
12,1763
12,1760
12,1758
12,1754
12,1751
12,1748
12,1746
12,1735
12,1732
12,1730
12,1743
12,1740
12,1167
12,1158
12,1755
12,1202
4544,1
4542,4
4542,1
4542,3
4542,0
4540,28
4538,4
4538,1
4538,3
4538,0
4534,4
4534,1
4534,3
4534,0
4533,4
4533,1
4533,3
4533,0
4531,4
4531,1
4531,3
4531,0
4530,4
4530,1
4530,3
4530,0
4539,4
4539,3
4536,4
4536,0
4532,6
4535,4
4532,89
4532,86
4532,84
4532,81
4532,78
4532,75
4532,73
4532,70
4532,67
4532,65
4532,35
4532,32
4532,29
4532,27
4540,71
4540,68
4540,66
4540,36
4540,33
4540,32
4540,31
4540,30
4540,29
4532,4
4540,2
4540,4
4540,89
4540,88
4540,87
4540,86
4540,85
4540,84
4540,83
4540,82
4540,81
4540,80
4540,79
4540,78
4540,77
4540,76
4537,158
4537,148
4537,145
4537,159
4537,147
4537,150
4537,75
4537,4
4540,92
4537,140
4537,136
4537,132
4537,89
4537,129
4537,88
4537,133
4537,125
4537,113
4537,94
4537,121
4537,110
4537,118
4537,116
4537,106
4537,104
4537,99
4537,102
4537,93
4537,91
4537,82
4537,79
4537,126
4537,107
4537,76
4537,160
4537,151
377,320
4543,4
4540,120
4540,117
4540,114
377,112
4540,113
4532,0
4535,0
4541,3
4540,126
4540,74
4540,27
4540,24
4540,21
4540,18
4540,16
4540,13
4540,10
4540,8
4540,5
4540,3
4543,16
4543,14
4543,11
4543,8
4543,6
4543,24
4543,19
4543,0
3823,1
1183,114
1183,87
1183,78
1183,66
1183,50
1183,24
1183,15
1183,10
1183,7
1183,1
1182,197
1182,130
1182,83
1182,66
1182,57
1182,43
1182,41
1182,34
1182,22
1182,15
1182,12
1182,1
1181,1
1147,3
1144,5
1144,1
1143,4
1143,0
1017,1
1013,3
1012,7
1012,1
377,343
377,341
377,338
377,318
377,316
377,313
377,2
251,1
198,3
87,3
80,3
80,0
78,122
78,119
78,116
78,114
78,111
78,108
78,106
78,103
78,100
78,97
78,95
78,92
78,89
78,87
78,84
78,81
78,77
78,70
78,67
78,64
78,3
78,0
75,0
64,98
64,95
64,92
64,89
64,87
64,84
64,81
64,79
64,76
64,73
64,6
64,4
57,3
55,4
55,1
53,3
52,3
52,0
51,3
50,3
49,3
49,0
43,0
42,0
40,19
40,16
40,13
40,10
40,8
40,5
40,0
39,13
39,10
39,7
39,4
39,1
34,3
33,6
33,3
31,5
31,1
30,38
30,35
30,32
30,29
30,27
30,24
30,19
30,17
30,14
30,10
30,7
30,5
30,1
27,4
27,2
25,31
25,20
25,16
25,10
25,3
24,8
24,6
24,3
24,0
23,6
23,3
22,29
22,1
21,5
21,0
19,3
19,0
18,0
17,1
16,1
12,1855
12,1852
12,1849
12,1847
12,1844
12,1841
12,1838
12,1836
12,1833
12,1830
12,1828
12,1825
12,1822
12,1819
12,1817
12,1814
12,1811
12,1809
12,1806
12,1803
12,1801
12,1798
12,1795
12,1792
12,1726
12,1723
12,1720
12,1718
12,1715
12,1712
12,1709
12,1707
12,1704
12,1701
12,1699
12,1696
12,1693
12,1690
12,1688
12,1685
12,1682
12,1680
12,1677
12,1674
12,1671
12,1669
12,1666
12,1663
12,1661
12,1658
12,1655
12,1653
12,1650
12,1647
12,1644
12,1642
12,1639
12,1636
12,1634
12,1631
12,1628
12,1625
12,1623
12,1620
12,1617
12,1615
12,1612
12,1609
12,1606
12,1604
12,1601
12,1598
12,1596
12,1593
12,1590
12,1588
12,1585
12,1582
12,1579
12,1577
12,1574
12,1571
12,1569
12,1566
12,1563
12,1560
12,1558
12,1555
12,1552
12,1550
12,1547
12,1544
12,1541
12,1539
12,1536
12,1533
12,1531
12,1528
12,1525
12,1522
12,1520
12,1517
12,1514
12,1512
12,1509
12,1506
12,1504
12,1501
12,1498
12,1495
12,1493
12,1490
12,1487
12,1485
12,1482
12,1479
12,1476
12,1474
12,1407
12,1404
12,1402
12,1399
12,1396
12,1393
12,1391
12,1388
12,1385
12,1383
12,1380
12,1377
12,1375
12,1372
12,1369
12,1366
12,1364
12,1361
12,1358
12,1356
12,1353
12,1350
12,1347
12,1345
12,1342
12,1339
12,1337
12,1334
12,1331
12,1328
12,1326
12,1323
12,1320
12,1318
12,1315
12,1312
12,1310
12,1307
12,1304
12,1301
12,1299
12,1296
12,1293
12,1291
12,1288
12,1285
12,1282
12,1280
12,1271
12,1268
12,1266
12,1263
12,1260
12,1257
12,1255
12,1252
12,1249
12,1247
12,1244
12,1241
12,1238
12,1236
12,1233
12,1230
12,1228
12,1225
12,1222
12,1220
12,1217
12,894
12,891
12,889
12,886
12,883
12,881
12,878
12,875
12,872
12,870
12,867
12,864
12,860
12,857
12,854
12,851
12,849
12,838
12,834
12,831
12,828
12,825
12,823
12,820
12,817
12,814
12,812
12,809
12,806
12,804
12,801
12,798
12,795
12,793
12,790
12,787
12,785
12,782
12,779
12,776
12,774
12,771
12,768
12,766
12,763
12,760
12,757
12,755
12,752
12,749
12,747
12,744
12,741
12,739
12,736
12,733
12,730
12,728
12,725
12,722
12,720
12,717
12,714
12,711
12,709
12,706
12,383
12,381
12,375
12,372
12,369
12,367
12,364
12,361
12,359
12,356
12,353
12,351
12,340
12,337
12,334
12,332
12,326
12,323
12,321
12,126
12,123
12,120
12,118
12,115
12,112
12,109
12,106
12,103
12,100
12,98
12,95
12,92
12,90
12,87
12,84
0,275
0,548
0,274
0,349
0,273
0,340
0,272
0,338
0,271
0,342
0,270
0,557
0,269
0,397
0,268
0,419
0,267
0,429
0,266
0,396
0,265
0,556
0,264
0,377
0,263
0,375
0,262
0,559
0,261
0,533
0,260
0,554
0,259
0,435
0,258
0,566
0,257
0,400
0,256
0,255
0,434
0,254
0,524
0,253
0,517
0,252
0,321
0,251
0,522
0,250
0,519
0,249
0,392
0,248
0,333
0,247
0,376
0,246
0,372
0,245
0,423
0,244
0,430
0,242
0,402
0,241
0,427
0,240
0,239
0,374
0,238
0,558
0,237
0,431
0,236
0,319
0,235
0,527
0,234
0,422
0,233
0,426
0,232
0,395
0,231
0,352
0,230
0,390
0,229
0,425
0,228
0,380
0,227
0,415
0,226
0,523
0,225
0,421
0,224
0,389
0,223
0,306
0,222
0,412
0,221
0,387
0,220
0,328
0,219
0,551
0,218
0,540
0,217
0,410
0,216
0,316
0,215
0,561
0,214
0,348
0,213
0,521
0,212
0,211
0,573
0,210
0,312
0,209
0,351
0,208
0,341
0,207
0,391
0,206
0,570
0,205
0,541
0,204
0,567
0,203
0,418
0,202
0,416
0,201
0,411
0,200
0,424
0,199
0,373
0,198
0,537
0,197
0,535
0,196
0,572
0,195
0,564
0,194
0,386
0,193
0,401
0,192
0,346
0,63
0,514
0,62
0,417
0,61
0,347
0,60
0,313
0,59
0,344
0,58
0,379
0,57
0,56
0,409
0,55
0,406
0,54
0,318
0,53
0,532
0,52
0,385
0,51
0,404
0,50
0,399
0,49
0,378
0,48
0,403
0,47
0,301
0,46
0,45
0,407
0,6
0,5
0,1
0,442
0,11
0,4
0,2
0,3
0,7
